function [x y] = fwdReconstructTransform(xin, yin)

a = [-2.54387 1.12134 0.175902 -0.000795219];
b = [1.28503 -0.113561 0.964423 0.000795219];

x = a(1) + a(2) * xin + a(3) * yin + a(4) * xin .* yin;
y = b(1) + b(2) * xin + b(3) * yin + b(4) * xin .* yin;

